3267 1719 9153 14995 1496 12172 270 3383 3871 8792 10807 61 5710 6441 1811 9497 14223 14922 9709 9845 5890 8258 4229 1415 
10642 12677 5356 9702 6476 4370 1624 1862 12821 9365 8817 9145 7468 334 7275 2489 1616 441 1349 10371 10443 2447 9817 70 
11695 1477 4654 349 1224 12524 882 12785 12522 9225 10987 12539 788 8550 1072 1840 14734 5080 5539 4405 7199 8810 1418 2101 
11010 14338 12502 11793 4169 5114 12548 11287 6178 11242 106 703 5113 6276 940 3258 8511 272 416 1019 14282 1225 1911 6554 
2485 13848 7557 4783 2393 12288 9594 11420 4339 9577 7402 5878 10960 953 1426 7605 14191 11152 60 9890 5494 8274 2477 5737 
4784 2714 6149 3055 2573 4901 10358 11085 3402 8485 6312 3078 10610 6904 9357 2589 12205 856 12921 10203 6817 12924 228 3656 
30 438 6707 8991 3390 7030 11451 1071 5829 11279 7192 8118 4277 6297 7749 4617 2053 14639 8052 2578 9643 10242 7841 4625 
10215 7934 2434 7831 4131 970 7850 1479 6840 1166 1510 14037 7826 12504 8943 3675 14446 1296 13521 1169 1634 8045 10540 11509 
11319 11327 14457 7596 4211 9638 14535 1184 7826 3938 10286 3387 5526 6485 7771 9450 7772 3767 2438 5389 4216 8336 8385 14214 
8444 13155 14386 3728 9349 297 4770 7994 2927 9859 3711 14004 10963 8340 4583 11097 10037 9294 5093 2518 5018 2308 9129 4426 
9826 3737 13427 3894 4906 7919 1097 6919 5014 7849 12234 34 749 4117 2137 2711 1381 2148 11037 13161 7937 6581 12712 2301 
2392 561 1439 6361 11320 6031 8410 2367 12778 1635 12149 4193 6936 1091 13518 8967 8588 14203 3784 1424 4931 10321 1687 9477 
14498 8475 7092 220 5639 1575 6539 7907 1516 13827 2644 7611 71 8927 7223 6640 14717 1927 548 1950 1505 14141 8905 2174 
9679 11639 4493 9185 4078 13405 7589 6212 637 6414 1804 13588 14269 6451 3801 3436 14039 8548 6300 14989 1072 8714 12296 5254 
12042 3068 8767 3316 45 7574 8938 7459 9342 11879 6321 3934 3374 2081 11363 6011 3702 11375 11605 8234 5417 4090 6816 9048 
8212 2548 13734 2703 13817 97 2709 3624 8930 10186 1224 11540 12076 1644 4881 14223 9713 12777 2196 6774 2163 7046 184 6611 
11446 7132 3359 6846 10373 13818 1329 14542 2288 10411 12243 14288 7500 1996 10429 9575 1172 12938 11605 4821 12887 11985 13654 3201 
5705 2255 9317 12602 3414 2674 278 8155 1628 295 6505 11439 12353 1413 12131 9358 12837 2857 13395 8233 5473 9780 12546 10035 
14032 2114 6262 688 14156 2284 3993 2538 8309 528 13085 14569 8630 5326 11827 7659 856 14767 917 4518 6499 1866 2440 5881 
The treasure has value = 14995 and is located on this coordinates: 0 3
Time 2 ms.
